1354176112954966032
-4904138519229759468
4646307440562798621
4480237204303511594
-3344204198299303885
-8680969756733341622
-5505369069483720630
-6834775384488148916
-736620014051786676
-5226990317516881839
8511521820753526876
-7619246144580747172
-8268045965898809251
-5551530965664268195
2310065133864353895
8730227877657706606
-9066308999850229646
-1353613163001544575
-4343721840598843259
-97390341941886837
-7746472834053963620
2969279529320710308
2701033876515455141
-5733645275596062554
173670060630474924
1257911670919921858
8609475112648835277
7532833326730576089
-5512405943901486872
-8102820154569654035
-5406289877681569525
-8874906015686983401
6727814893338099994
4854598923328684322
4768749055431934243
-2461498671334686423
-8275927265246707392
-513973307473657522
577586652210266456
3798223335733592414
-962644420350443165
6648438949905695078
7060236840833384815
-792915009393917584
141581913285460340
6477865114019037558
-8236239293530504842
2285295335913816448
-3931923949671153273
-7103021037293403763
-1496602451170557540
-143833713099144779
-7745909884100542009
-7802767829396094516
-3114520617303408175
5696772053646967275
3894206302791926257
-2517230716723396105
-8476337448664694257
1525031423818334741
-6917247552664370661
-7709881087081577953
2902007009886863912
