-3876754854235865083
3818489534056759300
4861635797746450440
-4904138519229759468
4646307440562798621
2345530980929896487
-3344204198299303885
-8680969756733341622
56576470318841856
3323937999976136704
3386706919782612992
1209216499948978177
-9084323398359711743
-97671816918597630
579838452023951363
-8554306017213546493
-6810568536491032572
-5049942557165879291
7524389077429256198
368732219490959367
-5733363800619352057
2283606486053552136
6133621217501904904
-7397725337909460984
-5330573108946403320
-6030319901049094134
7734087935078694923
8458886000108634123
-4256183122841829365
-4142748707227434997
-7467249657156993012
903534675241205773
2271784537031704589
2775624745343778829
-5975432280590516211
-383650393256624115
2215489541689573390
-8253127792133144562
-7307090395408629744
7048977841764958225
-7075999439529181166
-5744904274664488941
-1544734672188080108
-497647758824439788
7205759403792793621
639511147086610454
1248341521711759382
3689573994723278870
9019021203762839574
1450159080013299712
2544252314487619584
3704773643465654272
5164784347663826944
6181753438519427072
6323616826781597696
7308216295315472384
8187544122559561728
8301822963104088064
8985807156510982144
-9167077041512644608
-9061805400222859264
-7729021385497903104
-7320882669267451904
-6819294260769062912
-6327557476455546880
-5320158534808109056
-4578471971175530496
-4297559944418295808
-3926857400090361856
-3672122546167218176
-2488520269098909696
-2397040901667946496
-2273191911915257856
-2154972421696782336
-2058145029708316672
-1686598060450250752
-1295910792775860224
-1038924139039031296
-719450040472436736
-638385247179767808
-567453553048682496
-521854606821556224
-459648636968501248
423901314926247937
627126248111341569
640637046993453057
943785596910829569
953355746118991873
1304636517053890561
1706864258773417985
2212956266899177473
3151675314229215233
3988781894966706177
4316418767857909761
7099361862596165633
7999237363140132865
-9003821555020464127
-8004866862674345983
-7627408918905356287
-7515381878174515199
-5462866348000411647
-4025936591892512767
-2910732734164893695
-2803209293061423103
-1523905523911491583
-1181350477254623231
-420805090182430719
2192127118622588930
2428003149106118658
2546504114301304834
2558044588346441730
3077928870331023362
3092847044096688130
3251598930961498114
3957819647528534018
4735535008180076546
5692549928996306946
8602438238231068674
-7262335874111635454
-5984158004868546558
-5783747821450559486
-5339580308201144318
-4456030356306395134
-3898146952465874942
-3188548536178311166
-2952953980671492094
-2414210875247296510
-2253488663545511934
412360840881111043
629378047925026819
2632916932151476227
4684869512372158467
5236278991748333571
5738711825176854531
5965017706452221955
6092525870902149123
6721903918827175939
6902329378898706435
7314127269826396163
7337771167870091267
8297882313430138883
8504203471359049731
8678999431896367107
8911216287682658307
-8174877748607582205
-6224256160002736125
-6188790312937193469
-5700149753367494653
-5617677585191272445
-5518316918412410877
-5357313231733915645
-4215932201172205565
-3589931852967706621
-3341670923508908029
-3190800335991996413
-2900881109980020733
-2353412280277794813
-2119225099654529021
-1989183660414205949
-1229201223295434749
-1204431425344897021
-592504825975930877
-334955222285680637
390124317720969220
1038924139039031300
2287265660750790660
2363263904462667780
2725522199489282052
4283767670559473668
5086815779114975236
6398207695609921540
7524389077429256196
7724799260847243268
-8586957114511982588
-8282682664687763452
-6489405588064174076
-5551249490687557628
-5127629650738020348
-4892316570207911932
-4889501820440805372
-4331055466646863868
-3904339401953509372
-3437090940613820412
-2224215265967603708
-2153283571836518396
-1984680060786835452
-1823676374108340220
-1126462856796045308
-939844947236880380
766737836559826949
1334754339561930757
4733001733389680645
5263019114535845893
5377297955080372229
5446540799351193605
5782903396520427525
5848768541070721029
8493225947267334149
8542202593214988293
-8561905841584734203
-7068399615157993467
-3842133432100454395
-3789216136478851067
-2526519390954848251
-1423418957225787387
-1277333444312956923
-1174313602836856827
-934215447702667259
-744782788376395771
1403715708856041478
3366440721459445766
5240782591375704070
5738993300153565190
6080140971926880262
6208775036283650054
6221441410235629574
8501951671545364486
8763160449932853254
-7719732711266451450
-7350719016798781434
-6755399441055743994
-6360771523707404282
-5599100236728369146
-5060920081257594874
-4996743786567565306
-4524147300670373882
-2709759600793485306
-882987001941327866
-445293413156257786
1464795778802253831
2272910436938547207
3261169080169660423
5420082151540391943
5497487770135822343
5725482501271453703
7428687585347633159
8416101803648614407
-9221964661971222521
-8954281959119388665
-8805663171416162297
-8295349038639742969
-8280149389897367545
-7972215765375909881
-7960112341377351673
-7891150972083240953
-6996342021120065529
-6950743074892939257
-6896699879364493305
-6149383816197701625
-6133339742525194233
-4971129563686895609
-4088705511698989049
-3916161350975356921
-3678033520678141945
-3000241776758882297
-2931561882441482233
-2816438616966823929
-2378463553205043193
-925771198401347577
884675851801591816
3601753801989554184
4255338697911697416
4313322543114092552
4364269513898721288
6556396632521310216
6947083900195700744
7041940967347191816
7857936924831383560
7956453166680113160
8803692846579187720
9093612072591163400
-9140899868678553592
-6923440002152005624
-6840686358999072760
-6598054929074487288
-5718164151876976632
-5136636849992761336
-3992159594687234040
-3259198755332685816
-2298524659819216888
-401946266742816760
468092886269820937
1174876552790278153
1238489897526886409
1545860572094922761
1626643890410881033
3680566795468537865
3985685670222888969
4366802788689117193
5147895849061187593
5348024557502464009
5813021219028467721
7556758699750981641
7679200314620117001
8966948333071368201
-8726005753007046647
-7827256152369922039
-7618964669604036599
-7036029992836268023
-6036793825513439223
-5849331491024142327
-4340625615855026167
-4264908847119859703
-2372552578694119415
-1959628787859587063
-1624392090597195767
1502794900658192394
3751498489599623178
3863244055353753610
3947405073390239754
4351040189993320458
4363988038922010634
4649685140283326474
5787688471124508682
6940609975731355658
-8933171335866089462
-6056497073883185142
-5756444748709625846
-5349431932386017270
-4324863017159229430
-1730508156817113078
-1581044944183754742
-1190076201532653558
-917889899053449206
-524950831565373430
-418271815392034806
420805090182430731
874542752640008203
3571917454458224651
4317826142741463051
5247819465793470475
5708312527692103691
8212032445533388811
8968074232978210827
-9200291088764502005
-7971652815422488565
-7761109532842917877
-7423058085813420021
-7257832274484264949
-7021111819070603253
-6881500230622117877
-6015120252306718709
-5599944661658501109
-5490169420741345269
-4906108844066734069
-4784230179151020021
-2973501653971369973
-2727211049349545973
-2098395951377940469
-1744863380629356533
-946600346677936117
-484981384872460277
1995376109901840396
2852748888962498572
4011299893103558668
4135430357832957964
4614219293217783820
6200049312005619724
6237766958884847628
6683904796971237388
6777354489239175180
7353815241542598668
7989104263978549260
-6389763446308601844
-5140577499666710516
-4963248264338997236
-4543006124109987828
-4374121138083594228
-3931642474694442996
-3633278999381147636
-3042181548288770036
-2042382431012519924
-1664643012266819572
-999236167322828788
924926773471215629
2825727291198275597
2954642830531756045
2960553805042679821
3902087602139824141
4801681627707080717
5092163803672477709
6028631051188830221
6049178724488708109
6748081091661266957
6801842812213002253
7529174152033337357
8531506544099983373
-9215209262530166771
-9198602238904238067
-8772449124164304883
-8353051408865427443
-6813946236211560435
-6060156248580423667
-5606418586122846195
-5405726927728148467
-4227754150194053107
-4149504106668490739
-3975271096084594675
-3884917628560474099
-3680003845515116531
-3018537650245074931
-2594354860342116339
-2094455301703991283
-1618481116086271987
-1196268651020287987
170010885933236238
3916724300928778254
5041779782841270286
5185613495940415502
5236278991748333582
5412482327169204238
5780370121730031630
6533878634384457742
7105272837107089422
-7793197680187932658
-7521011377708728306
-7457116557995409394
-6872211556390666226
-6129117617874534386
-1896015443122978802
-1715027033098026994
-629659522901737458
287104476244869135
730146089587441679
1662391212453134351
2594073385365405711
2900318160026599439
3469742037912256527
3528007358091362319
3555028955855585295
3749528164762648591
5633440183887069199
7153968008078032911
7590817171932971023
7637542018066939919
7659778541227081743
8535728668750643215
-9101493371939061745
-8718968878589280241
-8230328319019581425
-8054406458575421425
-6543448783592620017
-5622462659795353585
-5060357131304173553
-4201858452336672753
-4034099366217121777
-3802445460384251889
-1918814916236541937
-1465640203732385777
-888616501475540977
-115123265474658289
668221594711097360
850335904642891792
1432989106433949712
1444811055455797264
2115284449980579856
2165105520858365968
2581125536436715536
2655153455311618064
2892436860678701072
2941132031649644560
3479312187120418832
4646025965586087952
4767341680548380688
4849532373747892240
4942700591039119376
5050786982096011280
5126785225807888400
5510998569017933840
6875026306157772816
7697777663083020304
7846114975809536016
9015080554088890384
-9206202063275425776
-6055652648953053168
-5229805067283988464
-5218546068215562224
-4552294798341439472
-4424786633891512304
-4104749585371496432
-3805260210151358448
-2468254070775742448
-2444328697755336688
-1391893759834193904
-1263822645430845424
-862439328641449968
-226587356252078064
31806672368304145
102175416545968145
691584017778081809
739434763818893329
2417307099991113745
2720737124885200913
3510837384512012305
3960071447342219281
5060920081257594897
5549279165850583057
6119265993689661457
7125820510406967313
-8755560625561665519
-8574290740560003055
-8242431743018139631
-7079095664272998383
-6996060546143354863
-6805220511933530095
-5982469155008282607
-5625840359515881455
-3105513418048667631
-2907917984397787119
-1564437920557826031
-1466766103639228399
-141018963332038639
11258999068426258
1449033180106457106
1492098851543187474
1587237393671389202
2277976986519339026
3332663724254167058
3667618946539847698
3770920262992658450
4527243525414191122
4902731144346206226
5009410160519544850
5187583820777390098
5945877408035897362
6920625252384899090
7129198210127495186
7296112871316914194
7414613836512100370
7894528671803768850
8084805756060172306
8387672831000838162
8659014708549910546
9108248771380117522
-9206202063275425774
-8590897764185931758
-7684548339177619438
-6287588029762633710
-5435563275259477998
-4623226492472524782
-4462785755747450862
-4048173115052654574
-3662833871935766510
-3405565743222226926
-2316539058328698862
-379709743582674926
-329607197728178158
-302022650010533870
-1688849860263918
67272519433846803
1107604033356431379
1156862154280796179
2105714300772417555
2858378388496711699
4090394361559253011
4493466528208912403
6182597863449559059
6448028766487707667
6728940793244942355
7479634556132261907
8437775376855334931
8501951671545364499
8580764665024348179
-7806989954046754797
-5443163099630665709
-5400378903170645997
-5138888649806446573
-5067112530745229293
-4459408056026922989
-4186095853640876013
-3391773469363404781
-2876392787006193645
-2674293753727942637
-1508142925215694829
-918452849006870509
-801640733671948269
-88946092640567277
233905705646555156
980658818859925524
3570228604597960724
4270538346654072852
4794363278312603668
8966385383117946900
-8821144295135248364
-8789900572720365548
-7923239119428255724
-7811775028650835948
-7750694958704623596
-7155093907984875500
-6252966607627223020
-5326913934249164780
-5306366260949286892
-4887250020627120108
-4556798397968809964
-1739796831048564716
-699183842149269484
243194379878006805
1371627561511026709
2062367154358976533
3871406829678362645
6739636842359947285
7666815415644848149
-9123729895099203563
-8828181169553014763
-8487314972756410347
-7826974677393211371
-7681733589410512875
-7575617523190595563
-6681090047204130795
-4578471971175530475
-4492622103278780395
-4190036503314825195
-3190518861015285739
-2195504818343116779
-1586392968741257195
-1239615797433729003
-1161365753908166635
-1129840556516573163
-557320453887098859
80783318315958294
1841690772617822230
2042945380965941270
2562829662950522902
3484097261724499990
3512526234372276246
3987374520083152918
4004263018685792278
4736097958133497878
5098919203113533462
6087740796298067990
6239174333768400918
6335157300826734614
7988822789001838614
-8862521116711714794
-8160803999772049386
-7796293904931749866
-7606579770628767722
-6493064762761412586
-6389200496355180522
-5914352210644303850
-5598537286774947818
-4778037729663385578
-3721099192114872298
-1693634934868017130
-566046178165129194
-323133273263833066
-57139420272263146
614741349136072727
959266720629915671
1517994549400567831
1832683573363081239
1969198937067749399
3216133083895955479
3493104460979240983
4616189618054758423
5783184871497138199
5994009629053419543
8467893199363375127
-9163980816768827369
-8936549035586617321
-8794967122301157353
-8370784332398198761
-8143634026192699369
-8080020681456091113
-6602840003678568425
-5835539217165320169
-5502835794693324777
-4600708494335672297
-4464474605607714793
-3874221579445469161
-2532711840442482665
-1213720099576348649
-656681120665960425
-584623526628032489
781093060372070424
1084804560242868248
1380071810812346392
2327798057397125144
3191926235898839064
3258354330402553880
5422896901307498520
5974024905706962968
6425510768350855192
6928506551732797464
7064458965484044312
7431220860138029080
7752102333588176920
7766176082423709720
8981866506837032984
-7770116732097658856
-7052074066508775400
-6340223850407526376
-4000322369011843048
-2639109381639110632
-2520889891420635112
-2316820533305409512
-1811854425086492648
-184647584722190312
1268889195011637273
2124573124212031513
3779927462247399449
3967389796736696345
4462785755747450905
4561864947549601817
4727372233855467545
5790784695868325913
5798103045262802969
5873538339021258777
6170775914427711513
7017734119350075417
7593913396676788249
8798063347044974617
8899957288614232089
-9182276690255020007
-9079819798732341223
-8449034375923761127
-8325748336124493799
-8004585387697635303
-7286824197085462503
-7169449131797118951
-5507902344274116583
-4344284790552264679
-3243717631613599719
-610519224485412839
370139594374512666
603200875090935834
1612851616552058906
2616028433548836890
2733403498837180442
4337529391111208986
4358921489341218842
4568057397037236250
5382364504661164058
6013149927469744154
7270780123412955162
7505530253989642266
8065946932620558362
8444812251273101338
8656199958782803994
8915719887310028826
-9115567120774594534
-8209780645719703526
-7826130252463079398
-7681452114433802214
-7054888816275881958
-6680808572227420134
-6430577317931646950
-6276891980647628774
-5885923237996527590
-5458362748373041126
-5281033513045327846
-4758897431247060966
-3251598930961498086
-2333427556931338214
-1469580853406334950
-842454605294993382
-100486566685704166
298644950290006043
784752235069308955
889460926405672987
4040854765658177563
4472074429978902555
4998995586381250587
5003780660985331739
6918373452571213851
8656199958782803995
8691102855894925339
-9173550965976989669
-8343481259657265125
-8271705140596047845
-8224135869531946981
-6758214190822850533
-6334312875896602597
-5994854053983551461
-5930959234270232549
-5670876355789586405
-5608388910959820773
-5143955199387238373
-4950300415410307045
-4195384527872327653
-3894487777768636389
-2834734490453016549
-2697093226841505765
-2036752931478306789
-1106196658472878053
159596311794941980
261208778387488796
322007373356990492
707909566427299868
770678486233776156
1996220534831972380
2504564342771417116
4222969075589971996
6176123938985213980
-9191565364486471652
-8915438412333318116
-8862239641735004132
-8114079153638080484
-7767864932283973604
-7381118314283532260
-7054607341299171300
-6886848255179620324
-6550767132987097060
-5593752212170866660
-5562227014779273188
-4883590845929881572
-4709639310322696164
-4595641944754880484
-4018055292544614372
-3845511131820982244
-3468053188051992548
-26740122787512292
-9851624184872932
430938189344014365
509751182822998045
949415096445042717
3391491994386694173
4458000681143369757
4729342558692442141
4818570126309720093
5048535182282326045
5103422802740903965
5369698130709184541
6063533948300951581
6564559406845919261
7186337630399758365
8599623488463962141
8776671248814964765
9072219974361153565
-9088264048033660899
-8766819624630091747
-8060598908063055843
-5646106557839048675
-5564760289569669091
-4384535712221888483
-4280108495862235107
-3950219823157346275
-2655997880241749987
-1024850390203498467
369295169444380702
1024287440250077214
2112469700213473310
3031485499173765150
4539346949412749342
5208975919007399966
6495316562575097886
7157345707798560798
7309060720245604382
-8899957288614232034
-8635933760459636706
-6862078457229082594
-6552174507870650338
-6504042286853128162
-5630906909096673250
-5552656865571110882
-5489324995811213282
-5453296198792249314
-5212353618727927778
-5131007350458548194
-4778037729663385570
-4777193304733253602
-4411838784962822114
-4145281982017830882
-4097149761000308706
-4006233343522766818
-3998633519151579106
-3730387866346323938
-3647634223193391074
-3257791380449132514
-1573445119812567010
-942941171980697570
-271341877549072354
261771728340910111
1213157149622927391
1894045118286004255
3401062143594856479
3787527286618587167
3837348357496373279
3983433870409203743
5017009984890732575
5208694444030689311
6446621391604154399
7619246144580747295
7946320067518529567
7975874940073148447
9060116550362595359
-9124574320029335521
-8377539731839254497
-7794323580094775265
-6912743953037000673
-6350638424545820641
-4088142561745567713
-3672404021143928801
-2816157141990113249
-2222807891084050401
-1342354163933118433
-234187180623265761
-32932572275146721
205476732998778912
765611936652984352
1515461274610171936
3991878119710523424
4188066178477850656
4479392779373379616
4661788564281884704
4720898309391122464
4737505333017051168
5953758707383795744
6639150275674243104
-8791026472627208160
-8116330953451765728
-7401384512606699488
-6200612261959040992
-4963529739315707872
-3735172940950405088
-1447907280199614432
-1407656358529990624
-522417556774977504
-439100963668623328
-177610710304423904
859624578874343457
919860223890423841
1382042135649320993
2186497619088375841
2824319916314722337
3243717631613599777
4389320786825969697
4707950460462432289
4804496377474187297
5809643519307939873
5993165204123287585
8777515673745096737
-8646348334597930975
-8447908476016918495
-8405124279556898783
-7674978189969457119
-6919780827454767071
-6486027888343646175
-6354579074219769823
-5288633337416515551
-4550324473504464863
-3980056170688675807
-3498171010560032735
-2840363989987229663
-2699907976608612319
-1706301308819996639
-609956274531991519
-56294995342131167
-37436171902517215
1303510617147047970
1697857059518677026
2200008417970487330
2527082340908269602
3060758896751673378
3309582776163893282
3946842123436818466
5096667403299848226
5165628772593958946
5219671968122404898
5508465294227537954
5586715337753100322
7673852290062614562
8707709879520854050
-9182839640208441310
-9180869315371466718
-8655074058875961310
-8227795044229185502
-8122523402939400158
-7734650885032116190
-7569706548679671774
-7168323231890276318
-6279425255438024670
-5847079691210457054
-5676505855323799518
-5218264593238851550
-4937352566481616862
-4899071969648967646
-3926575925113651166
-3699144143931441118
-3613575751011401694
-2903414384770416606
-2868230012681584606
-1001769442113224670
-439100963668623326
-64176294690029534
2402951876178870307
2899192260119756835
4664321839072280611
4708231935439142947
5001528861171646499
5107926402368274467
5337891458340880419
6272669855996968995
6904862653689102371
6982831222237954083
7097110062782480419
8105634904336760867
8300697063197245475
-8785678448069705693
-7939283193100763101
-6981142372377690077
-6563996456892497885
-5389119904102219741
-4423942208961380317
-4360328864224772061
-4010173993196715997
-3202059335060422621
-2328642482327257053
-785315185022730205
-490892359383384029
704250391730061348
1257067245989789732
1938518164606287908
2863444938077503524
2886244411191066660
4151474431505465380
6979734997494136868
7115687411245383716
8385702506163863588
-8757530950398640092
-8706865454590722012
-8370784332398198748
-8060880383039766492
-6210463886143913948
-5643291808071942108
-4910049493740683228
-3306768026396786652
-2658531155032145884
-2554948363602624476
-2372834053670830044
-1721219482585661404
-1675057586405113820
-588001226348560348
-483292535012196316
-74027918874902492
728738714703888421
1016687615878889509
1355583487838519333
1429329931736711205
1586392968741257253
2111062325329920037
2404077776085712933
2642487081359638565
2666130979403333669
4837428949749334053
4906108844066734117
5040090932981006373
5620210859981668389
5688327804345647141
5706623677831839781
6849130608300392485
6974386972936634405
8334192585425813541
8635370810506215461
8858298992061055013
-8708835779427696603
-7334111993172852699
-7282320597458091995
-6459287765556133851
-6126302868107427803
-5865375564696649691
-4663477414142148571
-3695203494257491931
-3261169080169660379
-2451647047149813723
-1715589983051448283
-1700953284262494171
-941533797097144283
-884675851801591771
-602637925137514459
-161285161655205851
2161446346161127462
2788009644319047718
3974708146131173414
4305722718742904870
5652580482303393830
5754474423872651302
6090837021041885222
7176486006214885414
7303712695688101926
7357755891216547878
7940690567984316454
9123448420122492966
-8647474234504773594
-7791790305304379354
-7583780297515204570
-7423902510743551962
-6618884077351075802
-6433673542675464154
-5981624730078150618
-5332543433783377882
-3283687078306512858
-2803772243014844378
-628252148018184154
980095868906504231
3418795067127627815
3825244933497815079
4541035799273013287
4736097958133497895
4995899361637433383
5696772053646966823
6484057563506671655
6873618931274219559
7211951853280428071
7772931481864765479
8158833674935074855
8645222434691088423
8738390651982315559
-9114441220867751897
-9021273003576524761
-8944148859957805017
-8740923926772711385
-8244402067855114201
-6994653171259801561
-6464635790113636313
-6194701287448117209
-5755600323779493849
-5344365382805225433
-3647071273239969753
-2918895508489502681
-2765773121158905817
-2645301831126745049
-778559785581674457
-390124317720969177
427560489623486504
1219349599110561832
1293096043008753704
2349753105580556328
2664160654566359080
3119305691907489832
3775142387643318312
5321284434714951720
5703808928064733224
6601995578748436520
6853634207927762984
7292735171596386344
8139974851495460904
8432990302251253800
-8533758343913668568
-8344325684587397080
-8160522524795338712
-6730348168128495576
-4251679523214458840
-3569384179667828696
-3459327463773962200
-3421609816894734296
-2213237741875888088
-1176565402650542040
588845651278692393
1546986472001765417
2662190329729384489
2935221057138720809
3442157490194612265
3569665654644539433
3775423862620028969
3939805249019052073
4421408934170984489
4820258976169984041
4833488300075384873
6575255455960924201
7320882669267451945
7775746231631872041
8319837361613570089
8694199080638742569
-8756686525468508119
-6341068275337658327
-6341349750314368983
-5718164151876976599
-5482006646416736215
-5053601731863117783
-4233102174751555543
-3614983125894954967
-3576702529062305751
-3277213153842167767
-2775906220320489431
-1362620362256285655
-271341877549072343
-206602632905621463
-199002808534433751
11821949021847594
533113605889982506
1213438624599638058
2558326063323152426
2772247045623250986
4358077064411086890
5017572934844153898
5559412265012166698
8196832796791013418
-8879691090291064790
-8040895659693309910
-6777354489239175126
-6710363444782038998
-6533315684431036374
-5987817179565785046
-5954603132313927638
-4551168898434596822
-3777675662433714134
-3766698138341998550
-2691463727307292630
-2557200163416309718
-2304717109306851286
-1869556795312177110
-1433270581410660310
-1301821767286783958
-1043990688619823062
-257549603690250198
1050746088060878891
2536652490116431915
3038522373591531563
3316056700628238379
4513169776578658347
5246412090909917227
7005630695351517227
8680125331803209771
-8595964313766723541
-4709920785299406805
-4080542737374379989
-3198400160363184085
-1941051439396683733
-1374160836301422549
-1052716412897853397
-184366109745479637
1568660045208485932
2243355564383928364
2298524659819216940
2552415088812228652
2683863902936105004
2795890943666946092
3063010696565358636
3403876893361963052
4609152743636992044
4762275130967588908
4969440713826631724
6413688819329007660
8686599256267554860
-8905305313171734484
-8755560625561665492
-7705658962430918612
-7481604880969236436
-7349311641915228116
-6768347289984434132
-5030239308796133332
-4530339750158008276
-4071817013096349652
-3919257575719174100
-2562548187973812180
-1984117110833414100
-813181207717085140
-564075853328154580
-495114484034043860
-180143985094819796
145804037936119853
187743809466007597
468937311199952941
1809602625272807469
3214444234035691565
3909405951534301229
5014758185077047341
5778962746846478381
8007681612441452589
-8139130426565328851
-7929431568915890131
-7485827005619896275
-7426717260510658515
-7286261247132041171
-7277535522854010835
-7258676699414396883
-7040252117486927827
-5898308136971796435
-5691424029089464275
-5185050545986994131
-3149986464368951251
-705939241590325203
-257268128713539539
706220716567035950
2766617546089037870
2869074437611716654
3107483742885642286
5161688122920009774
6029475476118962222
6751458791381794862
6891633329783701550
7989104263978549294
8709117254404407342
8939082310377013294
9003540080043753518
9050546401154433070
9096426822358269998
-9008325154647834578
-8362621558073589714
-8317022611846463442
-7357192941263126482
-7176486006214885330
-6518397510665371602
-6153605940848361426
-5884515863112974290
-5733645275596062674
-5338172933317590994
-5131288825435258834
-5102578377810771922
-4290241595023818706
-2967872154437156818
-1913466891679039442
-1874904819869679570
-754634412561268690
-511440032683261906
669628969594650671
696650567358873647
1840001922757558319
2047730455570022447
3708151343186182191
4552857748294860847
5329447209039560751
7882706722781921327
8536010143727353903
8889824189452648495
9049701976224301103
-9002977130090332113
-8463671074712715217
-8352488458912006097
-7509189428686880721
-7411799086744993745
-7079095664272998353
-5937714633711288273
-5608951860913242065
-5300736761415073745
-4997025261544275921
-4811251776915242961
-4690780486883082193
-2808275842642214865
-2699345026655190993
-2403514826132291537
-1947525363861028817
-176766285374291921
-130041439240323025
-33495522228568017
221239331694575664
368732219490959408
820218082134851632
1293658992962175024
2824882866268143664
2841489889894072368
3119587166884200496
4581005245965926448
4581849670896058416
5917729910364831792
6188227362983772208
7991074588815523888
8247498292598931504
-9073064399291285456
-7524107602452545488
-6230730084467081168
-6088585221228199888
-5915759585527857104
-5900278461808771024
-5323817709505347536
-4863043172630003664
-4630263366890291152
-4510073551834841040
-4508947651927998416
-3411476717733150672
-3316338175604948944
-2365234229299642320
-2204230542621147088
-1996502009808682960
-1477180677777522640
-1072982611221020624
-303711499870797776
840202805481308209
3196711310502920241
4492059153325359153
5284692687742566449
7187745005283311665
7690177838711832625
8411316729044533297
8865617341455532081
-8501107246615232463
-8114923578568212431
-7352689341635755983
-7082473363993526223
-6536693384151564239
-5684950104625119183
-5516628068552146895
-5123407526087360463
-4852628598491709391
-3888858278234423247
-3612731326081269711
-3218384883709640655
-2235192790059319247
-2220556091270365135
-1407374883553231
203787883138514994
253327479039590450
875105702593429554
1792995601646878770
2793357668876550194
3039648273498374194
3624271800126406706
4023121842125406258
4799992777846816818
5997105853797236786
6739073892406526002
7834855976741109810
8563876166421708850
8894890739033440306
-8421731303182827470
-7638949392950493134
-7613616645046534094
-5874664238928101326
-4577909021222109134
-3370099896156684238
-2634887256988450766
-1614821941389033422
-1019220890669285326
-783344860185755598
-81346268269379534
641199996946874419
3399091818757881907
3784712536851480627
4067031938492268595
4520206650996424755
4644618590702534707
8274238415386443827
8363465983003721779
8509551495916552243
8592586614046195763
8707709879520854067
8975674057349398579
8998755005439672371
-8892920414196465613
-8163618749539155917
-6178094263822188493
-6026097776398434253
-5576582238591516621
-5509872669111091149
-4280389970838945741
-4107564335138602957
-3397684443874328525
-2171297970346000333
-2013671983388032973
-1672242836638007245
-1205838800228450253
-936748722493063117
-78250043525562317
41095346599755828
180143985094819892
1161928703861588020
1519964874237542452
1597651967809683508
1690538710124199988
1911496566842064948
3513089184325697588
3719410342254608436
3964856521946300468
4789578203708522548
6131369417688219700
6753992066172190772
7332704618289299508
7406451062187491380
8388235780954259508
8494351847174176820
8743738676539818036
8827618219599593524
-7195626304631209932
-6897544304294625228
-6491657387877859276
-6109695844481499084
-5414734126982889420
-5237123416678465484
-4517954851182739404
-3642849148589309900
-3049218422706536396
-2511038267235762124
-1873497444986126284
-1844224047408218060
-452893237527445452
-397161192138735564
566609128118550581
1986931860600520757
2372271103717408821
2517512191700107317
3502111660233982005
5183643171103440949
5313966085320474677
5763481623127392309
7242914100718600245
7594476346630209589
8165589074376130613
9171862116116725813
-8909808912799104971
-8867306191315795915
-8446501101133365195
-8267483015945387979
-7595039296583630795
-7276128147970457547
-7253328674856894411
-5198561344869105611
-4705698660648746955
-3604287076779950027
265149428061438006
323977698193965110
651896046061879350
1249748896595312694
1550927121675714614
2123728699281899574
2315694633398566966
2562266712997101622
3626523599940091958
3693233169420517430
4489244403558252598
5698742378483941430
6039045625327124534
6790302338167865398
7524389077429256246
8496322172011151414
-7937031393287077834
-7506374678919774154
-6201175211912462282
-2623065307966603210
-1878563994566918090
-1862801395871121354
-1446218430339350474
-1384293935463006154
-554224229143281610
343680946563711031
749004913027055671
1525312898795044919
1945273564047343671
2347219830790160439
2650368380707536951
2707789275956510775
3385299544899059767
3523785233440702519
3654952572587868215
3957819647528534071
5681009454951170103
5823435793166762039
6343883025104764983
6626483901722263607
6814790661141692471
7543247900868870199
8586112689581850679
8708835779427696695
-9033376427575082953
-8691665805848346569
-7981222964630650825
-6469983814671138761
-6303350628458430409
-6209619461213781961
-5782621921543716809
-4129237908345323465
-3384455119968927689
-3130283215999205321
-2297398759912374217
-1806506400528990153
-1182476377161465801
-948570671514910665
-719731515449147337
-299207900243427273
160722211701784632
1009087791507701816
1390204909973930040
1852949771686248504
3285375928166776888
3319434400348766264
3714343792673816632
4368210163572670520
5400097428193935416
6371467572822409272
6694882321062953016
8998755005439672376
9073064399291285560
-9009169579577966536
-8793278272440893384
-8567816816095657928
-7719732711266451400
-7630786618625884104
-7102176612363272136
-7050948166601932744
-6442399266953494472
-5726326926201585608
-3540955207020052424
-3202903759990554568
-2713700250467434440
258112553643671609
2196067768296538169
2353975230231216185
2599139934946197561
3297760827142045753
5490450895718055993
6037075300490149945
6116451243922554937
7029274593395212345
7139894259242500153
7209137103513321529
7287950096992305209
8830432969366700089
-6158672490429153223
-5201657569612922823
-4873176271791587271
-4248864773447352263
-3877317804189286343
-3695484969234202567
-1961036162743140295
-1451284979920142279
-1418070932668284871
403635116603080762
1373316411371290682
2511319742212472890
2773654420506804282
3780771887177531450
3789497611455561786
5992039304216444986
6308698653015932986
7017171169396654138
8575416640466845754
8727131652913889338
-8953156059212545990
-8537698993587617734
-7806708479070044102
-6546826483313147846
-6471954139508113350
-6193856862517985222
-3955567847714848710
-3689011044769857478
-3587680053154021318
-3319997350302187462
-2588162410854481862
-1999035284599078854
-1922474090933780422
-1762033354208706502
-1338132039282458566
1545016147164790843
2023805082549616699
2028308682176987195
3151112364275793979
4243235273913139259
5375890580196819003
5949818057709846587
6247055633116299323
7609113045419163707
8680406806779920443
-8762597499979431877
-8335037010355945413
-6795087412771946437
-6481805763692986309
-6464635790113636293
-6316017002410409925
-5605855636169424837
-4105594010301628357
-3463831063401332677
-3333508149184298949
-1194579801160024005
-946318871701225413
-430938189344014277
-378020893722410949
955326070955966524
1243556447107678268
1364590687093260348
2605895334387253308
3630745724590751804
3843822281960718396
4512888301601947708
4779726579523649596
4912582768531079228
6075637372299509820
6599743778934751292
6760465990636535868
7635571693229965372
7847240875716378684
9032813477621661756
-7897624896547585988
-7122724285663150020
-6872774506344087492
-6576381355867766724
-6489968538017595332
-5387712529218666436
-4923841767599505348
-3773172062806343620
-3653826672681025476
-3632997524404436932
-2912421584025157572
-2378745028181753796
-1910089191958511556
-680887968663076804
-658369970526224324
-161285161655205828
37436171902517309
51509920738050109
819936607158140989
1888978568705212477
3770638788015947837
5501991369763192893
5547308841013608509
6193575387541274685
6500664587132600381
6682497422087684157
6949335700009386045
7014637894606258237
7960956766307483709
9088826997987082301
-8585831214605139907
-7710162562058289091
-6174435089124949955
-6061563623463976899
-5797540095309381571
-4893160995138043843
-3985685670222888899
-1925570315677597635
-1449596130059878339
-702280066893086659
-166070236259286979
2233503940199055422
2435884448454017086
3191363285945417790
3770357313039237182
3884636153583763518
6115325344015712318
6667860723298730046
6706141320131379262
8554306017213546558
9178054565604360254
-8803692846579187650
-8161929899678891970
-7086695488644186050
-6993245796376248258
-5759259498476732354
-5242189966259257282
-3701114468768415682
-3475653012423180226
-3116209467163672514
-2793920618829971394
-2134987698350325698
-2131328523653087170
-1613414566505480130
-1390767859927351234
-855965404177104834
-735212639168233410
-77405618595430338
367887794560827455
1406248983646437439
2158350121417310271
2489083219052331071
3140697790137499711
4378343262734254143
5161406647943299135
5456110948559355967
5977121130450780223
7749287583821070399
7753509708471730239
7852588900273881151
8221884069718261823
-9218586962250694593
-9059272125432463297
-8745146051423371201
-8596245788743434177
-8347703384307924929
-8249468617435905985
-6371467572822409153
-5864249664789807041
-5392779078799458241
-5320440009784819649
-5187583820777390017
-5167880572407644097
-4790141153661943745
-4502473727463653313
-3956693747621691329
-3502956085164113857
-3195585410596077505
-2827416141058539457
-2285295335913816001
-2197193668203380673
-2013671983388032961
-1919096391213252545
-1565563820464668609
-1544171722234658753
-467811411293110209
-125256364636241857
65020719620161600
556757503933677632
652177521038590016
3015722900477968448
3046122197962719296
4328240716879757376
4541035799273013312
5452733248838828096
5674535530486825024
5878041938648629312
6425510768350855232
7003660370514542656
7168323231890276416
9071375549431021632
-8666051582967676864
-8131812077170851776
-8029355185648172992
-6174716564101660608
-5645825082862337984
-4299811744231980992
-4210865651591413696
-4063654238771740608
-3869999454794809280
-2162009296114548672
-1717841782865133504
-1696168209658412992
-1070449336430624704
495958908964175937
929993323052007489
976436694209265729
1319836165796266049
1379508860858925121
2008886908783951937
3207688834594635841
3674374345980903489
5225864417610039361
5768266697731473473
5950943957616689217
7586595047282311233
7833730076834267201
8011622262115401793
8134908301914669121
8508425596009709633
-8746553426306924479
-7931964843706286015
-6493064762761412543
-4331336941623574463
-4075194712816877503
-4016929392637771711
-3921227900556148671
-3729824916392902591
-3646508323286548415
-3395151169083932607
-2858096913520000959
-2312035458701328319
-2200571367923908543
-1648598938594312127
-50665495807918015
136796838681378882
1337287614352326722
2665286554473201730
2670353104053993538
3198681635339894850
4479674254350090306
4644337115725824066
4766778730594959426
4918775218018713666
5288633337416515650
8490974147453648962
8541358168284856386
9111063521147224130
9216053687460298818
-7987133939141574590
-7929713043892600766
-6969320423355842494
-6514456860991422398
-5584182062962704318
-4320077942555148222
-4275886371211575230
-4147815256808226750
-4122482508904267710
-3959227022412087230
-3693514644397227966
-2776469170273910718
-2006635108970266558
-1710523433470656446
-1601029667530211262
-1536571897863471038
-1064256886942990270
-914230724356210622
-649644246248193982
-294985775592767422
786159609952862275
1557119571163349059
1622984715713642563
2238289014803136579
4300374694185402435
4829829125378146371
5044594532608376899
7189433855143575619
9167639991466065987
9194098639276867651
-7453457383298170813
-7038281792649953213
-6318550277200805821
-5440911299816980413
-4555391023085256637
-3798786285687013309
-3281153803516116925
-2629820707407658941
-2363545379439378365
-2060959779475423165
-1593711318135734205
-1412441433134071741
-1347983663467331517
629659522901737540
1232297448039252036
2438980673197834308
2881459336586985540
4274197521351311428
4303470918929219652
5416422976843153476
5646950982769180740
5778681271869767748
5893241587391004740
5904782061436141636
6240018758698532932
6607625078282649668
6955528149497020484
7734087935078694980
-8949215409538596796
-7903535871058509756
-4078853887514116028
-3900961702232981436
-3273553979144929212
-2748040197626134460
-546061454818672572
-238690780250636220
374643194001883205
1997909384692236357
3121557491721175109
4609715693590413381
4941011741178855493
5680727979974459461
5925611209712730181
7121035435802886213
-7130887059987759035
-5347743082525753275
-5124533425994203067
-5077808579860234171
-5050224032142589883
-5020669159587971003
-4878805771325800379
-4561020522619469755
-4404801910545055675
-2292895160285003707
-2188186468948639675
568016503002103878
1170091478186197062
3247095331334127686
3942057048832737350
4644055640749113414
5638225258491150406
6639713225627664454
6721903918827176006
8296474938546585670
8644940959714377798
-7763924282610024378
-7553381000030453690
-6500946062109310906
-6143191366710067130
-6126021393130717114
-5884515863112974266
-5516346593575436218
-4647433340469641146
-4069002263329243066
-3734609990996983738
-3171378562598961082
-2310065133864353722
-2123165749328478138
-1966947137254064058
-283445301547630522
613052499275808839
1251156271478865991
1612288666598637639
1814106224900177991
3119868641860911175
3500704285350428743
4583819995733033031
4756364156456665159
5214605418541613127
5422052476377366599
5788251421077930055
-9086575198173396921
-8754997675608244153
-8311674587288960953
-8124212252799664057
-6849412083277103033
-6675742022646628281
-6572159231217106873
-5432748525492371385
-3727854591555927993
-3549962406274793401
-2925369432953847737
-2634042832058318777
-2455587696823762873
-1881097269357313977
-1202742575484633017
-832602981110120377
1398086209321828424
2309783658887643208
5943062658268790856
6816760985978667080
7008726920095334472
7509752378640302152
9176084240767385672
-8685473356360712120
-8338696185053183928
-8261290566457753528
-7869477398876520376
-7384214539027349432
-6929913926616350648
-5323817709505347512
-5196591020032131000
-4434356783099674552
-4130645283228876728
-3333226674207588280
-1814387699876888504
-1680968560916037560
-1463388403918700472
-1452692354803695544
-872009477849612216
-869757678035926968
-769834061303644088
-761389812002324408
-434878839017963448
-386183668047019960
-175077435514027960
1203305525438054473
1253971021245972553
1784832827322269769
2246733264104456265
2437573298314281033
2565925887694340169
3528007358091362377
4236198399495372873
4282923245629341769
4825607000727486537
5666091281185505353
6316298477387120713
6605091803492253769
6698260020783480905
7179300755981992009
8218224895021023305
9222246136947933257
-8115205053544923063
-7895936046687322039
-7560136399471509431
-6036512350536728503
-5763763098104102839
-5568419464266907575
-5417830351726706615
-5046846332422062007
-4884716745836724151
-4671640188466757559
-3677470570724720567
-1800595426018066359
-668784544664518583
294141350662635594
1055531162664960074
1063130987036147786
1566689720371511370
3745306040111988810
4319514992601727050
5957699357057744970
6339379425477394506
6351764324452663370
8051591708808314954
8476618923641405514
8622422961577525322
8940771160237277258
-9119507770448543670
-8416383278625324982
-7385903388887613366
-6858982232485265334
-6584544130192375734
-6305883903248826294
-6089429646158331830
-5022076534471524278
-4847562048910917558
-4556516922992099254
-4463911655654293430
-4255620172888407990
-3225703233104117686
-1972576636788277174
-1662672687429844918
-1089589634846949302
-845832305015521206
-416301490555060150
1439463030898294859
1702360659146047563
2109936425423077451
3159838088553824331
3354055822484176971
3406410168152358987
3749809639739359307
5059231231397331019
5112992951949066315
6248181533023141963
7054325866322460747
-8959348508700180405
-8798626296998395829
-5919418760225095605
-4536813674622353333
-4032691991333568437
-1470988228289888181
-851180329573023669
-65583669573582773
1512927999819776076
1600748192553500748
2282762061123420236
2916080758722396236
3097350643724058700
3523222283487281228
4169770304991658060
4663195939165438028
6139813666989539404
6260566431998410828
7086414013667475532
8264386791201570892
8542765543168409676
9072219974361153612
-9203950263461740468
-8564720591351840692
-7608831570442452916
-7144679333846581172
-6875026306157772724
-6745266341894160308
-4057743264260816820
-3344485673276014516
-378865318652542900
-354095520702005172
-294704300616056756
-128634064356769716
1330250739934560333
2069966978730164301
2805179617898397773
3314367850767974477
3691544319560253517
3935583124368392269
4341751515761868877
4425068108868223053
5009691635496255565
5772770297358843981
5794725345542275149
6838716034162098253
7104709887153668173
7262617349088346189
8630304260925423693
-9065183099943387059
-6892477754713833395
-4281797345722498995
-3840444582240190387
-3557280755669270451
-1919940816143384499
-1137158905911050163
-1083678660336025523
-484418434919038899
-464433711572582323
729583139634020430
930556273005428814
1104226333635903566
1266074445244530766
1388234585136955470
1473802978056994894
1778358902857924686
1890667418565476430
2605050909457121358
3044996298055876686
3839600157310058574
3973019296270909518
5279626138161774670
6037919725420281934
6611565727956598862
7912261595336540238
8248342717529063502
8803692846579187790
8927260361355165774
-6306728328178958258
-5615988735331008434
-4848124998864338866
-4126423158578216882
-4015803492730929074
-3678596470631563186
-2911014209141604274
-2444610172732047282
-2312879883631460274
-1933451615025495986
-1168402628325932978
-676384369035706290
-392939067488075698
-388716942837415858
855965404177104975
1807350825459122255
4193132728058642511
5043187157724823631
5112430001995645007
5187583820777390159
6601151153818304591
8025414535974223951
8558809616840917071
-8982147981813743537
-7331578718382456753
-6784672838633652145
-2191564168669167537
-1613696041482190769
-767582261489958833
-509188232869576625
-435441788971384753
369013694467670096
767582261489958992
2228155915641552976
3359122372064968784
4793800328359182416
4888375920533962832
5533516567154786384
6583699705262243920
7166352907053301840
7326793643778375760
7375207339772608592
9038724452132585552
-9155818042444218288
-9059553600409173936
-8722628053286518704
-8447908476016918448
-6587358879959482288
-6494753612621676464
-6271825431066836912
-6181471963542716336
-5423459851260919728
-4539628424389459888
-4508666176951287728
-4274760471304732592
-3832000332938870704
-3771483212946079664
-3432305866009739184
-2853874788869341104
-2576340461832634288
-1743456005745803184
-1319554690819555248
-1113796482844065712
-382524493349781424
477663035477983313
614178399182651473
679199118802813009
2276006661682364497
2332301657024495697
3472275312702652497
3935583124368392273
4219872850846154833
4306285668696326225
5070208755489046609
5118903926459990097
5342676532944961617
5399253003263803473
5529012967527415889
5702120078204469329
6036230875560018001
6091118496018595921
6217219285584969809
6685312171854790737
7602920595931529297
8744583101469950033
8915156937356607569
-9194380114253578159
-6689252821528739759
-5160562223013167023
-4677269688000970671
277534327036706816
1204994375298318336
1890104468612055040
2750854947393241088
7083317788923658240
8550928317493018624
-9098115672218533888
-8917971687123714048
-7750694958704623616
-7302305320804548608
-7153405058124611584
-6411155544538611712
-5308618060762972160
-4174273904619028480
-4061402438958055424
-3958382597481955328
-3556999280692559872
-3329848974487060480
-2972375754064527360
-2679360303308734464
-2173549770159685632
-1729382256910270464
-1492098851543187456
-1054968212711538688
-850335904642891776
-107241966126759936
239535205180768257
318629673636462593
569986827839078401
690739592847949825
889460926405672961
901282875427520513
1104789283589324801
1881660219310735361
2014234933341454337
2386344852552941569
2515260391886422017
2582532911320268801
2711448450653749249
3473682687586205697
4086735186862014465
4362299189061746689
4561020522619469825
5349431932386017281
5773614722288975873
6103784869970575361
6182879338426269697
6787206113424048129
6834493909511438337
7649082492112076801
8472678273967456257
-7580402597794676735
-7174234206401200127
-6965379773681893375
-6962565023914786815
-6796213312678789119
-6715429994362830847
-6533597159407747071
-5837791016979005439
-5060357131304173567
-4522739925786820607
-3825244933497815039
-3502111660233981951
-2070811403660296191
-1235675147759779839
-658369970526224383
94575592174780418
177610710304423938
233624230669844482
609674799555280898
2120632474538082306
2331738707071074306
2340464431349104642
3328441599603507202
4072098488073060354
4088142561745567746
4707106035532300290
5319032634901266434
5424022801214341122
5808799094377807874
6222004360189050882
6784109888680230914
7005349220374806530
7063333065577201666
7189996805096996866
7676667039829721090
8169811199026790402
8520247545031557122
-8969763082838474750
-8861958166758293502
-8663236833200570366
-8121116028055846910
-7903535871058509822
-7054325866322460670
-6779043339099439102
-6302224728551587838
-5480036321579761662
-5353654057036677118
-5138607174829735934
-5058386806467198974
-4690780486883082238
-4436045632959938558
-3450883214472642558
-2475009470216798206
-2264466187637227518
-846395254968942590
-692146967731503102
-458522737061658622
-404479541533212670
-68116944363978750
1625236515527327747
2615465483595415555
2625598582756999171
3765290763458445315
4116571534393344003
4893160995138043907
4923841767599505411
5646106557839048707
7959830866400641027
8372473182258462723
8489848247546806275
8496885121964572675
-8074672656898588669
-7748161683914227709
-7518478102918332413
-7509752378640302077
-6418473893933088765
-6235515159071162365
-5193213320311603197
-5157184523292639229
-2916643708675817469
-2546222639324594173
-2243355564383928317
-1513490949773197309
-599541700393697277
1000643542206382084
1091278484707213316
1110700258100248580
3233021582498594820
3401343618571567108
3543769956787159044
4862480222676582404
5660743256628002820
5932366609153785860
6812820336304717828
7589972747002839044
8087901980803989508
8174596273630871556
8765412249746538500
8812981520810639364
-8856328667224080380
-8466204349503111164
-8265794166085124092
-8092687055408070652
-7767864932283973628
-7436287409718820860
-5189554145614364668
-4862761697653293052
-4278419646001971196
-4065061613655293948
-3936146074321813500
-3253006305845051388
-2889340635934883836
-1656480237942210556
-901564350404231164
-658651445502935036
228276206112342021
490610884406673413
765611936652984325
996702892532432901
2994049327271247877
3349270747880095749
3418795067127627781
3598657577245736965
3703929218535522309
4199043702569566213
4310507793346985989
4760304806130614277
5139733074736578565
5388838429125509125
5838635441909137413
6241707608558796805
7033215243069161477
7080221564179841029
8543609968098541573
-8182196098002059259
-8137723051681775611
-7793760630141353979
-7737747109775933435
-6470546764624560123
-6350919899522531323
-6295187854133821435
-6084644571554250747
-5541960816456105979
-3368129571319709691
-3275242829005193211
-2342153281209368571
-1417226507738152955
-1316176991099027451
-488077609616277499
-411797890927689723
-1407374883553275
208854432719306758
1610036866784952326
2503719917841285126
3569947129621250054
3836503932566241286
5029394883866001414
5109333777251827718
5366320430988656646
6872493031367376902
6981986797307822086
7935061068450103302
8297037888500006918
8938800835400302598
-8952874584235835386
-8843943768248811514
-8056658258389106682
-7380836839306821626
-6951868974799781882
-6853352732951052282
-6837308659278544890
-4356669689527533562
-4123889883787821050
-4023403317102116858
-3280872328539406330
-1625517990504038394
-441915713435729914
59672695062659079
658088495549513735
1393301134717747207
4467852305328242695
4658692339538067463
5969239831102881799
6389763446308601863
6579759055588294663
7918735519800885255
8002333587883950087
8357555008492797959
8887009439685541895
-7823878452649394169
-7525514977336098809
-7435161509811978233
-6438458617279545337
-5590937462403760121
-4608589793683570681
-4422253359101116409
-4250272148330905593
-3265672679797030905
-3220073733569904633
-2524549066117873657
-1184165227021729785
-921830548727398393
528610006262611976
1226104998551617544
1735011756444483592
2232378040292212744
4016647917661061128
4497688652859572232
4607182418800017416
4803089002590633992
4887250020627120136
5132414725342101512
5173510071941857288
5354217006990098440
5400941853124067336
5587559762683232264
6207086186423386120
6265070031625781256
6791146763097997320
8882224365081460744
-8635089335529504760
-7108369061850906616
-6930195401593061368
-6647313049998852088
-6505731136713392120
-6380193297100439544
-6020749751840931832
-5665809806208794616
-3355744672344440824
-2903414384770416632
-2263058812753674232
-1917407541352988664
-1535164522979917816
-1395834409508143096
-1210342399855820792
-840765755434729464
151715012447043593
1333065489701666825
2276288136659075081
3417387692244074505
3903494977023377417
4709639310322696201
4978729388058083337
5073023505256153097
6301098828644745225
6410874069561901065
6810568536491032585
7660060016203792393
7736621209869090825
8556557817027231753
-8386546931093995511
-7437413309625663479
-6895011029504229367
-6474768889275219959
-6141221041873092599
-6077889172113194999
-5960232631848140791
-4881339046116196343
-4441393657517441015
-4126423158578216951
-3844666706890850295
-1775825628067528695
-370702544327933943
100205091708993546
318066723683041290
755478837491400714
1016687615878889482
1866742045545070602
2378182078228332554
2677952928425181194
2712292875583881226
4152881806389018634
7288513046945726474
8729664927704285194
-9212394512763060214
-7870884773760073718
-7622060894347853814
-7034904092929425398
-7006475120281649142
-6610721303026466806
-6514738335968133110
-6424103393467301878
-5263863539465977846
-5208131494077267958
-4950018940433596406
-4568620346990657526
-4098838610860572662
-4040010340728045558
-3707588393232760822
-3664241246819319798
-3452853539309617142
-3174756262319489014
-2819253366733930486
-2166231420765208566
-1415537657877889014
-666814219827544054
912541874495946763
1397804734345117707
2580844061460004875
2876392787006193675
2899755210073178123
3062729221588647947
4098838610860572683
5237404891655176203
6336001725756866571
6339097950500683787
6615224902653837323
6665608923485044747
-8800596621835370485
-8733887052354945013
-8052436133738446837
-7197033679514763253
-6531626834570772469
-6491938862854569973
-6034260550723043317
-5854679515581644789
-5386305154335113205
-5121718676227096565
-4419157134357299189
-4256464597818540021
-3948249498320371701
-3534762757532418037
-2870763287471980533
-2733403498837180405
-831477081203277813
2851904464032366604
3784431061874769932
4742571882597842956
4936789616528195596
5188709720684232716
5228397692400435212
6092807345878859788
6983394172191375372
7106680211990642700
7421087760976445452
7724799260847243276
7826130252463079436
8021192411323564044
-8871246840989745140
-8245246492785246196
-7771805581957922804
-7672726390155771892
-7552536575100321780
-7142709009009606644
-6953839299636756468
-5901685836692324340
-3099320968561033204
-2233222465222344692
-1604407367250739188
-1508142925215694836
-1364309212116549620
-382524493349781492
909727124728840205
1151514129723293709
1287185068497829901
1671116936731164685
1841409297641111565
2004101834179870733
3192489185852260365
4514014201508790285
4753549406689558541
4918212268065292301
5903093211575877645
6098436845413072909
6312076352736460813
6647313049998852109
7922113219521413133
9084323398359711757
-8998755005439672307
-7817686003161759731
-7685111289131040755
-7043911292184166387
-7002534470607699955
-6954120774613467123
-6934417526243721203
-6929069501686218739
-6831679159744331763
-6567092681636315123
-6552455982847361011
-6365838073288196083
-6225100584932868083
-6140376616942960627
-5681009454951170035
-5675379955416956915
-5095541503393005555
-4192006828151799795
-4032129041380147187
-3979211745758543859
-3359122372064968691
-2452209997103235059
-2415899725107560435
-542965230074855411
-491173834360094707
-107804916080181235
1263822645430845454
2092766451843727374
2259962588009857038
3722506566998425614
3791186461315825678
4367365738642538510
5707468102761971726
5879730788508893198
6057341498813317134
7206040878769504270
8538543418517749774
9220838762064379918
-9142307243562106866
-9023524803390210034
-6117295668852686834
-5271744838813876210
-4442238082447572978
-4032973466310279154
-3861836680470200306
-2465439321008635890
-407857241253740530
-273593677362757618
1259037570826764303
1588644768554942479
1748804030303305743
2999678826805461007
3061884796658515983
3258635805379264527
4378624737710964751
5273715163650850831
5861153440045989903
6315735527433699343
7548032975472951311
7696933238152888335
8317585561799884815
8824803469832486927
8967511283024789519
-8905023838195023857
-8306045087754747889
-6976357297773608945
-6731755543012048881
-6380193297100439537
-6106881094714392561
-5624432984632328177
-5407697252565123057
-5394749403636432881
-4898227544718835697
-4421690409147695089
-4363988038922010609
-2860630188310396913
-2699907976608612337
-1834935373176766449
-1457195954431066097
-1230890073155698673
73183493944770576
996984367509143568
1027383664993894416
1282681468870459408
1772447928347000848
2513853017002868752
2761550996508246032
4710765210229538832
5081749229534183440
5508746769204248592
7431783810091450384
7808115853953597456
8358117958446219280
8853795392433684496
-5872975389067837424
-5756726223686336496
-5124814900970913776
-4666010688932544496
-4320359417531858928
-4227754150194053104
-4115164159509790704
-4076320612723720176
-4020870042311720944
-3732076716206587888
-3727291641602506736
-3341670923508908016
-3282561178399670256
-3278057578772299760
-2826008766174986224
-2389159602320048112
-1483091652288446448
-1461136604105015280
-1304917992030601200
-787004034882994160
-152840912353886192
-128071114403348464
1627488315341013009
2739877423301525521
2918051083559370769
2969842479274131473
3536451607392682001
4083357487141486609
4652499890050433041
7782220156096217105
-9129640869610127343
-8676466157105971183
-8410472304114401263
-8193455097070485487
-8099160979872415727
-7260084074297950191
-7138768359335657455
-6186538513123508207
-5342958007921672175
-3057662672007856111
-2372834053670830063
-2253488663545511919
-1930636865258389487
-1284933268684144623
-1198238975857262575
-695524667452030959
-381961543396360175
324540648147386386
481885160128643090
621496748577128466
738027388935340050
1264667070360977426
1527564698608730130
1921911140980359186
2380152403065307154
2759580671671271442
2896096035375939602
3013471100664283154
3128594366138941458
3200651960176869394
3415980317360521234
3684507445142487058
4788452303801679890
6034260550723043346
6463228415230083090
7375770289726029842
7770679682051080210
8708554304450986002
9053079675944828946
-9015924979019022318
-6369778722962145262
-5824561693073604590
-5589248612543496174
-5371386980569448430
-5102578377810771950
-4751579081852583918
-4696409986417295342
-3494511835862794222
-3360529746948521966
-2897784885236203502
-2220274616293654510
-1771603503416868846
-725361014983360494
-139330113471774702
593630725882773523
1844224047408218131
2198882518063644691
2702441251399008275
3007841601130070035
3081025095074840595
3705899543372496915
3715751167557369875
4690499011906371603
5242471441235968019
5352528157129834515
7344808042287857683
8008244562394873875
8384858081233731603
9164262291745538067
-8552335692376571885
-7758576258052521965
-7375488814749319149
-5620773809935089645
-5113555901902487533
-4134867407879536621
-4061965388911476717
-3767824038248841197
-3196148360549498861
-3145482864741580781
-2254051613498933229
-2218304291456679917
-2060959779475423213
-1605251792180871149
-1459166279268040685
-416582965531770861
1855201571499933716
2134987698350325780
2337368206605287444
3738269165694222356
3829467058148474900
3886043528467316756
3904339401953509396
4512043876671815700
4626885667169763348
4805622277381029908
6020468276864221204
6106599619737681940
6204552911632990228
6625920951768842260
6747799616684556308
7330734293452324884
-8081146581362933740
-7872010673666916332
-6298284078877638636
-6156702165592178668
-5915196635574435820
-5846516741257035756
-5393623503729590252
-4991395762010062828
-4391009636686233580
-4307974518556590060
-3695203494257491948
-3679159420584984556
-3666211571656294380
-3644537998449573868
-2694559952051109868
-2592947485458563052
-2294302535168557036
-269653027688808428
-53198770598313964
532832130913271829
576179277326712853
2719048275024936981
3027826324476526613
3077084445400891413
3739958015554486293
4130082333275455509
4150911481552044053
4422253359101116437
4492059153325359125
5120029826366832661
5618240535144693781
5710001377552367637
7267683898669137941
7510033853617012757
8421731303182827541
8720657728449544213
8879972565267775509
-8613415762322784235
-8599342013487251435
-7324260368987979755
-6849693558253813739
-6586514455029350379
-6064659848207794155
-6018216477050535915
-5977402605427490795
-4080261262397669355
-3993285494594076651
-3352648447600623595
-2254333088475643883
-1750774355140280299
-1291688668125200363
-269090077735387115
1735011756444483606
2575214561925791766
5413608227076046870
6004705678168424470
8043428934483705878
8341510934820290582
8700391530126376982
-8863084066665136106
-7600387321141133290
-6126021393130717162
-6028349576212119530
-5561101114872430570
-5536331316921892842
-4093490586303070186
-3472275312702652394
-3233303057475305450
-2100084801238204394
-1366842486906945514
-382243018373070826
1401463909042356247
3345611573182857239
3348707797926674455
3670996646260375575
3751779964576333847
4628011567076605975
4697535886324138007
5758978023500021783
7715229111639080983
-8537417518610907113
-8304074762917773289
-7381962739213664233
-6704170995294404585
-5978809980311044073
-5244160291096231913
-5082312179487604713
-5027143084052316137
-4275041946281443305
-3227955032917802985
-2511882692165894121
-1470425278336466921
-1215127474459901929
-1130403506469994473
-40813871623045097
532550655936561176
1163336078745141272
1473240028103573528
2429973473943093272
3405565743222226968
3980619120642097176
4982388562755321880
5342113582991540248
6344164500081475608
7608831570442453016
7933653693566550040
-8593431038976327656
-7952793991982874600
-7630786618625884136
-7366200140517867496
-6650972224696090600
-6648720424882405352
-6023564501608038376
-5909848611016933352
-5553782765477953512
-5256826665048211432
-3104950468095246312
-2935502532115431400
-2388315177389916136
-2200852842900619240
-1384293935463006184
-917326949100027880
-70087269200953320
-53198770598313960
1266355920221241369
3112831767443144729
3410913767779729433
3547429131484397593
3596968727385473049
4682617712558473241
5034179958470082585
5717601201923555353
7468375557063835673
8259883191574200345
9206202063275425817
-8971451932698738663
-7579558172864544743
-6401866870307160039
-5011380485356519399
-4459126581050212327
-4326270392042782695
-3488319386375159783
-3013189625687572455
-2828823515942092775
-2815594192036691943
-2522578741280899047
-2034219656687910887
-1254533971199393767
-951948371235438567
-504966108218916839
9570149208162330
101612466592546842
666251269874122778
1189794726555942938
1628332740271144986
2606739759317385242
2738751523394682906
3343641248345882650
5051068457072721946
6354579074219769882
7609394520395874330
8083961331130040346
9032250527668240410
-8723753953193361382
-8494914797127598054
-7820500752928866278
-7656682316483264486
-7100206287526297574
-6309543077946064870
-5137199799946182630
-3709558718069735398
-3658611747285106662
-1335880239468773350
-702280066893086694
-528610006262611942
-425308689809801190
-376613518838857702
-124693414682820582
1126462856796045339
2323857407723175963
3090595244283002907
3534481282555707419
3624553275103117339
3804415785221226523
4003700068732370971
6331779601106206747
6498131312342204443
6742733067103764507
6963972398798340123
7004504795444674587
7262054399134924827
7320882669267451931
7760546582889496603
8113234728707948571
8572320415723028507
-9208172388112400357
-8346014534447661029
-8086776080897146853
-7764487232563445733
-6149946766151122917
-5130444400505126885
-3865495855167438821
-2990108677597298661
-2098958901331361765
-1684064785659854821
-1045679538480087013
-566046178165129189
-499618083661414373
-461900436782186469
128634064356769820
157907461934678044
324540648147386396
1087056360056553500
1279022294173220892
1297036692682702876
2021553282735931420
2162290771091259420
2619406133269364764
3045840722986008604
4492059153325359132
4669669863629783068
4756364156456665116
5120311301343543324
6730629643105206300
7754635608378572828
8335881435286077468
9052516725991407644
-9084323398359711716
-8613978712276205540
-8490974147453648868
-8258757291667357668
-6812820336304717796
-5848205591117299684
-5510435619064512484
-5028268983959158756
-4899353444625678308
-3916161350975356900
-2666693929356754916
-2301902359539744740
-2147654072302305252
-2017049683108560868
569986827839078429
1145321680235659293
1633962239805358109
1700390334309072925
2474446520263376925
2540593139790381085
3165467588088037405
3669589271376822301
3956412272644980765
4164140805457444893
5066549580791808029
5424867226144473117
5711690227412631581
6136154492292300829
6421851593653616669
6666453348415176733
7224055277278986269
8022599786207117341
8274519890363154461
8848728842852892701
-8954000484142677987
-8592023664092774371
-7928024194032336867
-7781094256189374435
-6889381529970016227
-6307572753109090275
-5983313579938414563
-5657928506860896227
-5370261080662605795
-4797178028079710179
-2532430365465772003
-1747115180443041763
-1686035110496829411
-1262978220500713443
-1034139064434950115
-810366457949978595
-196188058767327203
495395959010754590
784470760092598302
1494632126333583390
1701797709192626206
2277132561589207070
2592384535505141790
2839238090080387102
2877518686913036318
3157867763716849694
3381640370201821214
4049299014959497246
4096586811046887454
4220435800799576094
5117215076599726110
5626684784446013470
6547389433266569246
6893885129597386782
8583579414791454750
8778641573651939358
8849854742759735326
-8287186264315133922
-8091279680524517346
-6109132894528077794
-5829909717631107042
-5039809458004295650
-4955929914944520162
-4874865121651851234
-2731996123953627106
-1909244767028379618
-1588081818601521122
-537335730540642274
-497084808871018466
724516590053228575
960674095513468959
1011621066298097695
2089670227099910175
2778439495110885407
4511762401695105055
5143955199387238431
5680446504997748767
6362178898590957599
7148338508543819807
7220396102581747743
8086213130943725599
8214284245347074079
8273112515479601183
8637341135343190047
8683784506500448287
8807352021276426271
8827055269646172191
-8802848421649055713
-7725080735823953889
-7358318841169969121
-6950461599916228577
-6914995752850685921
-3516748359022936033
-3296353452258492385
-2022679182642773985
-1847601747128745953
-173388585653764065
155374187144282144
954763121002545184
1760063029371732000
2222244941130629152
2663879179589648416
2806586992781951008
4431823508309278752
4690217536929660960
5382645979637874720
6376815597379911712
7982630339514204192
8665207158037544992
8911779237636079648
-8329688985798442976
-6477302164065615840
-6274358705857232864
-4603804719079489504
-3944871798599843808
-3408099018012622816
-3074551170610495456
-2889340635934883808
-2723270399675596768
-2536089540163010528
-1640154689292992480
-839076905574465504
-104145741382942688
442760138365861921
530580331099586593
571957152676053025
2120632474538082337
3650448972960497697
5035305858376925217
5761792773267128353
6187101463076929569
7461901632599490593
7790101455444115489
7809523228837150753
-9118100395564990431
-9014236129158758367
-6652098124602933215
-6188790312937193439
-4981825612801900511
-3911657751347986399
-3389803144526430175
-3140979265114210271
-2878081636866457567
-2836704815289991135
-2807712892688793567
-1246652671851495391
-109775240917155807
-23362423066984415
835136255900516386
1602718517390475298
1796936251320827938
2216052491642994722
2787165219388915746
2956331680392020002
4224094975496814626
5316780835087581218
5766014897917788194
6265070031625781282
6278299355531182114
6451687941184946210
7390969938468405282
7523544652499124258
7788694080560562210
-8062850707876741086
-7739998909589618654
-6505731136713392094
-5372794355453001694
-2388878127343337438
-1311673391471656926
-1295629317799149534
-477944510454693854
-291889550848950238
407857241253740579
507780857986023459
2203667592667725859
2967590679460446243
3166593487994880035
3243717631613599779
4101090410674257955
4489807353511673891
5111022627112091683
5378705329963925539
5667217181092347939
5820058093446234147
6185975563170086947
6456754490765738019
7063051590600491043
7818530428091891747
8359243858353061923
-8993688455858880477
-8985525681534271453
-8786522872999837661
-8751057025934295005
-8460293374992187357
-7732399085218430941
-4181592254013505501
-3873095679538626525
-3041618598335348701
-1535445997956628445
-528328531285901277
181832834955083812
930837747982139428
2073907628404113444
2759017721717850148
2800394543294316580
3675218770911035428
4134585932902826020
4397483561150578724
4549761523551043620
4785356079057862692
4833206825098674212
4976759063221108772
5190961520497917988
5495517445298847780
5880293738462314532
5943625608222212132
6808879686630768676
7874262473480601636
7929994518869311524
8230328319019581476
8534602768843800612
8917408737170292772
9200009613787791396
-9023524803390210012
-6783265463750098908
-6588766254843035612
-5999639128587632604
-5112711476972355548
-4966344489082814428
-4485022278907592668
-2850215614172102620
-2464594896078503900
-2124291649235320796
-1554867771349663708
-1008806316530991068
738308863912050725
819373657204719653
995858467602300965
1194579801160024101
1604970317204160549
1898267242936664101
2177771894810345509
3119024216930779173
3276650203888746533
3343078298392461349
3548836506367950885
5134948000132497445
5166473197524090917
5306647735925997605
6732599967942180901
7161286357472509989
7942942367798001701
8427079327740330021
8627770986135027749
9018458253809418277
-8799470721928527835
-7885521472549027803
-7684829814154330075
-7387310763771166683
-7099643337572876251
-7065584865390886875
-6660823848880963547
-6227915334699974619
-5900278461808771035
-4928908317180297179
-4692750811720056795
-3947405073390239707
-3616109025801797595
-3456794188983566299
-3329567499510349787
-1101130108892086235
-212795082393255899
142989288169013286
225461456345235494
468092886269820966
1257630195943211046
1996220534831972390
2232659515268923430
2261932912846831654
4770719380268908582
5194339220218445862
5860309015115857958
6137280392199143462
6398207695609921574
7251921299973341222
7457679507948830758
7660622966157213734
8517995745217871910
-9184809965045415898
-8622985911530946522
-8245527967761956826
-6679401197343866842
-6540352558848802778
-5925892684689440730
-4822510775983669210
-4213680401358520282
-2113877075097026522
-1849009122012299226
-857654254037368794
-593630725882773466
-29273397577908186
1914311316609171495
2253207188568801319
3349833697833517095
3847762931634667559
3883791728653631527
5444570474514219047
5681009454951170087
7297238771223756839
7576461948120727591
7872292148643627047
-9080101273709051865
-8418916553415720921
-7676667039829721049
-7318912344430477273
-7200974329188712409
-7184367305562783705
-6900359054061731801
-6792272663004839897
-6274077230880522201
-4990269862103220185
-3491978561072398297
-1753870579884097497
-1408500783460122585
-1310266016588103641
-710442841217695705
-21392098230009817
23925373020405800
1405404558716305448
2783787519668387880
2912421584025157672
3508022634744905768
3737424740764090408
5362098306337996840
6031727275932647464
6624513576885289000
6949054225032675368
7369296365261684776
7384214539027349544
7967430690771828776
8179944298188374056
8311393112312250408
8324059486264229928
9202542888578187304
-8707146929567432664
-8224135869531946968
-5724919551318032344
-5548153265943740376
-4791830003522207704
-3365033346575892440
-3224295858220564440
-2518356616630239192
-1346857763560488920
-882987001941327832
-824440206785511384
-734086739261390808
523261981705109545
1383449510532874281
2135550648303747113
2981382953319268393
3023885674802577449
3295790502305071145
3937834924182077481
4410994360032690217
5239093741515440169
6052274949232525353
6189071787913904169
6279143780461314089
7424183985720262697
7507782053803327529
7745628409123831849
8165589074376130601
8764004874862985257
8786241398023127081
-8651414884178722775
-8525314094612348887
-8274801365339865047
-8189514447396536279
-8179662823211663319
-8060598908063055831
-7743376609310146519
-7671319015272218583
-7222647902395432919
-6651816649626222551
-5606981536076267479
-4667136588839387095
-2532993315419193303
-2451647047149813719
-2333990506884759511
-2046886030639890391
-2025212457433169879
-1781736602578452439
-1385419835369848791
-996139942579011543
-367887794560827351
-345651271400685527
134263563890982954
2389722552273469482
3224858808173985834
3553621580972032042
4128393483415191594
4621256167635550250
4929752742110429226
5176606296685674538
5297640536671256618
6812538861328007210
7093450888085241898
8225261769438789674
8910371862752526378
-8295349038639742934
-8041458609646731222
-6030601376025804758
-5996261428867104726
-5945314458082475990
-5579959938312044502
-5135792425062629334
-3794282686059642838
-3396840018944196566
-3158430713670270934
-2605613859410542550
-2598295510016065494
-2436165923430727638
-909445649752129494
-786722559906283478
-356065845538979798
68116944363978795
546624404772093995
559572253700784171
726205439913492523
1382042135649321003
1796373301367406635
2388033702413205547
3482971361817657387
3810889709685571627
4152037381458886699
4286019470373158955
4377217362827411499
4916241943228317739
5894086012321136683
5945314458082476075
6592988379493695531
7220114627605037099
7284853872248487979
7598416996304158763
8575979590420267051
8944148859957805099
8960755883583733803
-9085167823289843669
-8639311460180164565
-8540513743354724309
-7547751500496240597
-5727734301085138901
-5210664768867663829
-4848687948817760213
-3463549588424622037
-3095380318887083989
-2996864077038354389
-1872371545079283669
-1646628613757337557
-1371627561511026645
-921830548727398357
-566327653141839829
-197313958674169813
122160139892424748
1367686911837077548
2109373475469656108
2173268295182975020
2346093930883317804
2672604903867678764
3134786815626575916
3337448798858248236
3703929218535522348
4080824212351090732
5655395232070500396
5719290051783819308
6098999795366494252
6632957826186608684
7168886181843697708
7545781175659266092
8423701628019802156
8494914797127598124
-9037317077249032148
-8818329545368141780
-8676747632082681812
-7403917787397095380
-6358238248917008340
-5656239657000632276
-5411074952285650900
-2615465483595415508
-1504765225495166932
-742530988562710484
320599998473437229
797981558974709805
1454099729687248941
1894045118286004269
2949857755927674925
4224657925450235949
5448229649211457581
5916604010457989165
6002172403378028589
6651816649626222637
6681090047204130861
6695726745993084973
7126946410313809965
7161004882495799341
7265150623878742061
8373880557142016045
-9093893547567874003
-9076723573988523987
-8422294253136248787
-8297037888500006867
-6032008750909358035
-5268648614070058963
-4652499890050432979
-4596486369685012435
-4455748881329684435
-4432104983285989331
-4168644405084815315
-3976115521014726611
-3965700946876432339
-3455386814100013011
-2087981377239646163
-1025413340156919763
-931963647888981971
-612771024299098067
-494833009057333203
133982088914272302
296111675499610158
462463386735607854
1288873918358093870
1577667244463226926
1616229316272586798
1859423696150593582
2043508330919362606
2755640021997322286
4202984352243515438
4514295676485500974
7488360280410292270
8137160101728354350
8646066859621220398
9129640869610127406
-9033094952598372306
-8560216991724470226
-7150308833380794322
-7128916735150784466
-4036914115984228306
-3269613329470980050
-2304435634330140626
-1422856007272366034
-1226667948505038802
-1120833357261832146
-87538717757013970
610800699462123567
2004101834179870767
2386063377576230959
2682456528052551727
2895814560399228975
3186296736364625967
3471430887772520495
4306285668696326191
5031083733726265391
5355624381873651759
5684105679694987311
5975713755567226927
6064941323184504879
6331779601106206767
6442117791976783919
6621135877164761135
6748925516591398959
7008445445118623791
7308497770292183087
7598416996304158767
7698903562989862959
7778842456375689263
8064258082760294447
9091360272777478191
-8849010317829603281
-8012748162022244305
-7532270376777154513
-7497086004688322513
-7390406988514983889
-6938358175917670353
-6712896719572434897
-6661105323857674193
-6138969242059407313
-5948973632779714513
-5810487944238071761
-5167880572407644113
-4950300415410307025
-4386787512035573713
-4362017714085035985
-3341952398485618641
-3147734664555266001
-2853311838915919825
-2478105694960615377
-495958908964175825
111464090777419824
1848727647035588656
2344405081023053872
2715107625350987824
3026981899546394672
3527444408137941040
4440267757610598448
4878524296349089840
4955648439967809584
5295388736857571376
5799510420146356272
5922233509992202288
6236359584001294384
6503479336899706928
7209981528443453488
7369296365261684784
7439946584416059440
7806427004093333552
8259601716597489712
8553461592283414576
8612852812369362992
8680125331803209776
-9175239815837253584
-8769634374397198288
-7625157119091670992
-7293016646573096912
-6313765202596724688
-5472999447161995216
-5453296198792249296
-4470104105141927888
-4356669689527533520
-3897302527535742928
-3102980143258271696
-2603080584620146640
-2390848452180312016
-2210141517132070864
-1906148542284562384
-1682657410776301520
-1376412636115107792
-1327998940120874960
1074671461081284657
1730789631793823793
1782581027508584497
2473883570309955633
2495557143516676145
2910451259188183089
3713499367743684657
5651736057373261873
7499056329525297201
7780249831259242545
7880736397944946737
8084805756060172337
8508425596009709617
-8994251405812301775
-8475211548757852111
-8198803121627987919
-8139411901542039503
-7728176960567771087
-7646549217321680847
-7527766777149784015
-7491175030177398735
-7085569588737343439
-6780169239006281679
-5252323065420840911
-4527525000390901711
-4211991551498256335
-4117415959323475919
-4105031060348207055
-3681692695375380431
-3500422810373717967
-3488319386375159759
-3336041423974694863
-2713981725444145103
-684828618337025999
-504121683288784847
-154248287237439439
-19421773393035215
668221594711097394
1118863032424857650
1720656532632240178
1897704292983242802
2209578567178649650
2806024042828529714
3068640196099571762
3595279877525209138
3724195416858689586
4239857574192611378
5229242117330567218
6283928855065395250
6574411031030792242
8658733233573199922
9158351317234614322
-8210625070649835470
-8114642103591501774
-7943505317751422926
-7654430516669579214
-7489767655293845454
-6560337282195259342
-6133339742525194190
-5924485309805887438
-5776992422009503694
-5391371703915904974
-5170695322174750670
-4286019470373158862
-2826853191105118158
-2414210875247296462
-2215489541689573326
-2005790684040134606
-563512903374733262
497084808871018547
808959083066425395
1639873214316281907
1889822993635344435
3841570482147033139
4830673550308278323
6077607697136484403
6467169064904032307
-9211831562809638861
-9207890913135689677
-9073064399291285453
-7825004352556236749
-7495678629804769229
-7480197506085683149
-6892759229690544077
-6726688993431257037
-6608188028236070861
-5587559762683232205
-5186739395847258061
-4910049493740683213
-4228317100147474381
-3795971535919906765
-3621457050359300045
-3103261618234982349
-2450521147242971085
-2244199989314060237
-1984961535763546061
322851798287122484
731553464470994996
2057582079754895412
2060678304498712628
3663115346912477236
4014677592824086580
4554828073131835444
5003780660985331764
7559854924494798900
7664845090807873588
8606941837858439220
-8586112689581850572
-7346496892148121548
-7255580474670579660
-7182396980725809100
-6155013315731914700
-5791066170845036492
-5610077760820084684
-5403193652937752524
-5098637728136822732
-4856569248165658572
-4571998046711185356
-4009611043243294668
-3711529042906709964
-3595279877525209036
-2917488133605949388
-2318509383165673420
-2015360833248296908
-1493787701403451340
-878201927337246668
-689332217964396492
-567735028025393100
233342755693133877
1356990862722072629
1572319219905724469
3494511835862794293
3542081106926895157
3772327637876211765
3806667585034911797
3987937470036574261
4259842297539067957
4515140101415632949
4528369425321033781
5311432810530078773
5935744308874313781
6017090577143693365
7259802599321239605
7451205583484485685
7557040174727692341
7775746231631872053
8284371514548027445
8905305313171734581
9150751492863426613
-8856328667224080331
-8499136921778257867
-7961519716260904907
-6275766080740786123
-5315654935180738507
-4767060205571669963
-4067876363422400459
-3730669341323034571
-2624754157826867147
-2259962588009856971
-1501387525774639051
-1358398237605625803
53198770598314038
90634942500831286
678354693872681014
1285214743660855350
1765692528905945142
3026137474616262710
5227834742447013942
5342395057968250934
5632314283980226614
7003097420561121334
7577587848027570230
8261290566457753654
8282964139664474166
8649444559341748278
-9005791879857438666
-8456915675271659466
-7517915152964911050
-7345933942194700234
-6805220511933530058
-4890909195324358602
-4807311127241293770
-4651373990143590346
-4075476187793588170
-3382484795131953098
-3305642126489944010
-2916643708675817418
-2869637387565137866
-2158068646440599498
-1947525363861028810
284289726477762615
440226863575466039
1278459344219799607
1733322906584219703
2286421235820658743
2707226326003089463
2842897264777625655
3719691817231319095
3829748533125185591
3933612799531417655
4756082681479954487
5037557658190610487
5586996812729810999
7475412431481602103
8697013830405849143
8707991354497564727
-9168484416396197833
-9059553600409173961
-8254253692039987145
-8242713217994850249
-7616149919836929993
-6394267045935972297
-5677913230207352777
-4729061083715731401
-2926776807837401033
-2890748010818437065
-2496120093470097353
-2197475143180091337
-1483654602241867721
-102738366499389385
324259173170675768
1064538361919701048
2713418775490723896
3432305866009739320
3546866181530976312
5140858974643421240
6123769593317031992
7935061068450103352
8767945524536934456
8945274759864647736
-9033939377528504264
-8607504787811860424
-7674696714992746440
-7471190306830942152
-6673771697809653704
-5572078638964146120
-4982951512708743112
-3175037737296199624
-1416663557784731592
-1255378396129525704
-654992270805696456
691302542801371193
719450040472436793
1472114128196730937
2685834227773079609
3206844409664503865
3546021756600844345
3808356434895175737
4334996116320813113
5521976093109649465
5774740622195818553
8096346230105309241
8610882487532388409
8727976077844021305
8955407859026231353
9138366593888157753
-9006636304787570631
-8478026298524958663
-8349673709144899527
-6696289695946506183
-6321365026967912391
-5149584698921451463
-4637300241308057543
-3703366268582100935
-3557843705622691783
-3140416315160788935
-3127749941208809415
-3049218422706536391
-2221681991177207751
-1834090948246634439
-1823676374108340167
-1167276728419090375
-772648811070750663
-564357328304865223
-35747322042253255
180425460071530554
648518346341351482
1140536605631578170
2212111841969045562
2404640726039134266
5022358009448235066
5277374338348089402
5897745187018375226
5997387328773947450
7382807164143796282
7586595047282311226
8626645086228185146
8637622610319900730
-7550284775286636486
-6473361514391666630
-5369698130709184454
-4864732022490267590
-3689292519746568134
-3575013679202041798
-2722707449722175430
-2556637213462888390
-2148217022255726534
-2132454423559929798
-2111343800306630598
-2090514652030042054
-1961036162743140294
-296393150476320710
150870587516911675
761389812002324539
880735202127642683
1293377517985464379
2306124484190404667
3010656350897176635
3082713944935104571
3930798049764311099
4010173993196716091
4123045458857689147
4613937818241073211
4779163629570228283
5521413143156228155
6958905849217548347
8239335518274322491
8552898642329993275
-8993969930835591109
-8740360976819290053
-7499337804502007749
-7353533766565887941
-7327919543685218245
-6600588203864883141
-6392296721098997701
-5649765732536287173
-5446822274327904197
-4852910073468420037
-3432024391033028549
-2988138352760324037
-2579436686576451525
-2500060743144046533
-2412240550410321861
-1789899376903061445
-962362945373732805
-283163826570919877
323133273263833148
583497626721189948
4602960294149357628
5351402257222991932
6854478632857894972
7074310589668917308
8212313920510099516
8268045965898809404
8872654215873298492
9035065277435347004
-9158069842257903556
-8902209088427917252
-7900158171337981892
-6938639650894380996
-6589892154749878212
-5325788034342322116
-4502473727463653316
-4150630006575333316
-4145563456994541508
-2350879005487398852
-1887289718844948420
-1633117814875226052
-1143069880421973956
-996702892532432836
297237575406452797
1526157323725176893
1675620536358535229
1732759956630798397
2713418775490723901
3006434226246516797
4599019644475408445
5098919203113533501
5406008402704859197
5821746943306498109
6413688819329007677
7238129026114519101
7388436663678009405
7492019455107530813
8281275289804210237
-8990873706091773891
-8214284245347073987
-8201617871395094467
-7804456679256358851
-7753509708471730115
-7290201896805990339
-6201456686889172931
-5475532721952391107
-5188991195660943299
-4413809109799796675
-4293900769721057219
-4080261262397669315
-3944871798599843779
-3649604548030365635
-3512244759395565507
-1728256357003427779
-922393498680819651
574490427466448958
1483654602241867838
3082995419911815230
4972255463593738302
5113555901902487614
5814428593912021054
6244240883349192766
6802124287189712958
6958624374240837694
8306608037708169278
8545298817958805566
8791307947603918910
-9064338675013255106
-8963852108327550914
-8415257378718482370
-7908602420639301570
-7487797330456870850
-7453175908321460162
-5928988909433257922
-5618803485098115010
-4218184000985890754
-4130926758205587394
-3905746776837062594
-3862962580377042882
-3181511661760544706
-3032329924103897026
-2933813682255167426
-2499779268167335874
-2384937477669388226
-1923599990840623042
-854839504270262210
-46724846133968834
135670938774536255
745345738329817151
1994813159948419135
2516949241746686015
2659375579962277951
2670071629077282879
3028952224383369279
3690981369606832191
3726165741695664191
3926857400090361919
4336122016227655743
4752142031806005311
4925249142483058751
5541397866502684735
6687845446645186623
6687282496691765311
7160441932542378047
7472597681714495551
8022881261183828031
8948089509631754303
9061523925246148671
-8621860011624103873
-6918091977594503105
-6010616652679348161
-5861153440045989825
-5417830351726706625
-5309181010716393409
-4717239134693883841
-4582694095826190273
-3520126058743463873
-3457638613913698241
-3046122197962719169
-2377056178321489857
-1811010000156360641
-1061160662199173057
-421649515112562625
-346495696330817473
383368918279913536
1512365049866354752
1966102712323932224
2277976986519339072
2526800865931558976
2864289363007635520
3811734134615703616
4317826142741463104
4898790494672257088
5539990491619131456
6569625956426711104
7197878104444895296
7279787322667696192
8795811547231289408
-8973985207489134528
-8955689334002941888
-8360932708213325760
-8136034201821511616
-7225744127139250112
-6481242813739564992
-6418192418956378048
-6130243517781376960
-6042423325047652288
-5375046155266686912
-3566287954924011456
-3564880580040458176
-2943383831463329728
-2701878301445586880
-763923086792720320
-432908514180988864
-240942580064321472
206321157928910913
1321243540679819329
2031123431944093761
2565081462764208193
2569303587414868033
2859222813426843713
2872170662355533889
3180667236830412865
3694077594350649409
3990470744826970177
4288271270186844225
5066268105815097409
5890426837623898177
7218707252721483841
7221522002488590401
8883350264988303425
-8350799609051742143
-7187463530306600895
-7182678455702519743
-6934136051267010495
-6817605410908798911
-6689534296505450431
-6544293208522751935
-6226789434793131967
-5752222624058965951
-5318188209971134399
-4214524826288652223
-3665930096679583679
-3523785233440702399
-2891873910725279679
-2704693051212693439
-2258555213126303679
4222124650659906
78531518502273090
345369796423974978
630785422808580162
667940119734386754
1365153637046681666
2313442833584881730
3702803318628679746
3985685670222889026
5079497429720498242
5918574335294963778
5935181358920892482
5994291104030130242
6417629469002956866
6839278984115519554
7475975381435023426
8529254744286298178
8955970808979652674
9035065277435347010
-8280993814827499454
-7278098472807432126
-7195344829654499262
-5798947470192934846
-5600226136635211710
-4915960468251606974
-4876835446488825790
-4071817013096349630
-1635932564642332606
-1049338713177325502
-950259521375174590
-863565228548292542
-54043195528445886
1579919044276912195
1679842661009195075
2175801569973370947
2215489541689573443
4547509723737358403
4918212268065292355
5065423680884965443
5252604540397551683
5261048789698871363
5667780131045769283
5809643519307939907
5824280218096894019
5886486187949948995
6291247204459872323
7399132712793014339
7636979068113518659
7861596099528622147
8232580118833266755
8415820328671903811
-8078613306572537789
-3742772765321592765
-3517029833999646653
-1312799291378499517
-344243896517132221
-264586478108016573
-256705178760118205
-113152940637683645
1986087435670388804
2062930104312397892
2772528520599961668
3171660037575671876
3194178035712524356
4653344314980565060
5715349402109870148
6271262481113415748
6536411909174853700
7209700053466742852
7517633677988200516
8277053165153550404
8804818746486030404
9159195742164746308
-8778923048628649916
-8264949741154992060
-7877358698224418748
-7067836665204572092
-6711207869712170940
-6563433506939076540
-6015683202260139964
-5508746769204248508
-4629700416936869820
-2627568907593973692
-1632836339898515388
-38280596832649148
504966108218916933
1478588052661076037
2739877423301525573
4451808231655735365
5182798746173308997
6003579778261581893
7459086882832384069
7876232798317576261
-9178336040581070779
-9078693898825498555
-8943304435027673019
-7249106550206234555
-6867426481786585019
-6663920073624780731
-6232700409304055739
-5557160465198481339
-4884716745836724155
-4440267757610598331
-4076039137747009467
-2851622989055655867
-2604487959503699899
-2094736776680701883
-1978206136322490299
-78250043525562299
153403862307307590
292733975779082310
762234236932456518
1218786649157140550
2093892351750570054
2349471630603845702
2805461092875108422
4060839489004634182
4389602261802680390
4900760819509231686
5471029122325020742
6486309363320356934
6518960460618793030
7039126217580085318
9138648068864868422
-8633119010692530106
-8601312338324225978
-8521091969961689018
-7544373800775712698
-7465279332320018362
-6529093559780376506
-6012868452493033402
-5786844046194376634
-5270618938907033530
-4749327282038898618
-4378061787757543354
-4202702877266804666
-3767542563272130490
-3401906568524988346
-3258354330402553786
-3192207710875549626
-3031204024197054394
-1993687260041576378
-1937110789722734522
-1408500783460122554
-175640385467449274
28428972647776327
2758736246741139527
2884837036307513415
3246532381380706375
3741928340391460935
3794845636013064263
3845229656844271687
4134867407879536711
4268286546840387655
4418875659380588615
4430134658449014855
4851784173561577543
5328321309132718151
7043629817207455815
7642608567647731783
8345451584494239815
8797781872068264007
9205076163368583239
-9183402590161862585
-8940771160237277113
-8815233320624324537
-8521654919915110329
-8480559573315354553
-8042584509553573817
-6736540617616129977
-6455065640905473977
-6147976441314148281
-6094214720762412985
-5514939218691882937
-4821384876076826553
-1502794900658192313
-823032831901958073
-556194553980256185
-458522737061658553
792070584463786056
1930073915304968264
3740239490531197000
4372432288223330376
4969440713826631752
5627529209376145480
5896337812134821960
-8987214531394535352
-8215128670277205944
-8159678099865206712
-8003740962767503288
-7970245440538935224
-7547188550542819256
-5254011915281104824
-4942982066015829944
-4286019470373158840
-3773453537783054264
-3461016313634226104
-3170815612645539768
-3127749941208809400
-2483735194494828472
-808114658136293304
-691021067824660408
-371828444234776504
-58828270132527032
184084634768769097
490892359383384137
533958030820114505
906349425008312393
1903333792517455945
2424625449385590857
4006514818499477577
4177088654386135113
4602960294149357641
5394186453683011657
5535205417015050313
7166071432076591177
7792916205211222089
9111907946077356105
-9103745171752746935
-9084604873336422327
-9035065277435346871
-8535165718797221815
-6791709713051418551
-5750815249175412663
-3676344670817877943
-3182074611713966007
-2111625275283341239
-2090514652030042039
-922112023704108983
1854357146569801802
2430536423896514634
2992641952387694666
4232820699774845002
4343721840598843466
5212072143751217226
5602196461472186442
5734208225549484106
6506012611690102858
6918373452571213898
6936106376103985226
7514818928221093962
8088183455780700234
8616230512089890890
8767664049560223818
-8619045261856997302
-7401103037629988790
-7017734119350075318
-6527123234943401910
-6349231049662267318
-6130524992758087606
-5709719902575656886
-5560819639895719862
-5087378729068396470
-4038602965844492214
-3890265653117976502
-3774016487736475574
-3093128519073398710
-2675138178658074550
-927460048261611446
-509469707846287286
-135389463797825462
-88946092640567222
-11540474045136822
715227915821776971
1840001922757558347
1953999288325374027
2492460918772858955
4284612095489605707
4988862487219667019
5298766436578099275
6476176264158773323
6834775384488149067
6854197157881184331
7028148693488369739
7439102159485927499
7636416118160097355
8916001362286739531
-8442560451459415989
-8286904789338423221
-7881017872921657269
-7321727094197583797
-5979091455287754677
-5921952035015491509
-5671439305743007669
-4467289355374821301
-4409586985149136821
-3068921671076282293
-2792231768969707445
-2348345730697002933
-2276288136659074997
-2022397707666063285
-1802284275878330293
-1738952406118432693
-1521372249121095605
-1121396307215253429
-1058627387408777141
-511721507659972533
830351181296435276
3274116929098350668
3477904812236865612
3687603669886304332
3839037207356637260
3878162229119418444
3979774695711965260
3980900595618807884
4226628250287210572
4848687948817760332
4930878642017271884
5997950278727368780
6237485483908137036
6476176264158773324
